Unesite x: 
Unesite n: 
sin(x)=-0.958924 
sinus(x)=-0.937584 
Razlika: 0.021340 (0.02%).